{
 "cells": [
  {
   "cell_type": "code",
   "execution_count": 1,
   "metadata": {},
   "outputs": [
    {
     "name": "stdout",
     "output_type": "stream",
     "text": [
      "[0. 0. 0. 0. 0. 0. 0. 0. 0. 0.]\n",
      "Update sixth value to 11\n",
      "[ 0.  0.  0.  0.  0.  0. 11.  0.  0.  0.]\n"
     ]
    }
   ],
   "source": [
    "#second group\n",
    "#1-Write a NumPy program to create a null vector of size 10 and update sixth value to 11.Go to the editor\n",
    "import numpy as np\n",
    "x = np.zeros(10)\n",
    "print(x)\n",
    "print(\"Update sixth value to 11\")\n",
    "x[6] = 11\n",
    "print(x)"
   ]
  },
  {
   "cell_type": "code",
   "execution_count": 2,
   "metadata": {},
   "outputs": [
    {
     "name": "stdout",
     "output_type": "stream",
     "text": [
      "Checkerboard pattern:\n",
      "[[0 1 0 1 0 1 0 1]\n",
      " [1 0 1 0 1 0 1 0]\n",
      " [0 1 0 1 0 1 0 1]\n",
      " [1 0 1 0 1 0 1 0]\n",
      " [0 1 0 1 0 1 0 1]\n",
      " [1 0 1 0 1 0 1 0]\n",
      " [0 1 0 1 0 1 0 1]\n",
      " [1 0 1 0 1 0 1 0]]\n"
     ]
    }
   ],
   "source": [
    "#2-Write a NumPy program to create a 8x8 matrix and fill it with a checkerboard pattern\n",
    "import numpy as np\n",
    "x = np.ones((3,3))\n",
    "print(\"Checkerboard pattern:\")\n",
    "x = np.zeros((8,8),dtype=int)\n",
    "x[1::2,::2] = 1\n",
    "x[::2,1::2] = 1\n",
    "print(x)"
   ]
  },
  {
   "cell_type": "code",
   "execution_count": 3,
   "metadata": {},
   "outputs": [
    {
     "name": "stdout",
     "output_type": "stream",
     "text": [
      "[ 56  56  56 156 156 156  83  83  83  20  20  20]\n"
     ]
    }
   ],
   "source": [
    "#3-Write a NumPy program to construct an array by repeating\n",
    "import numpy as np\n",
    "\n",
    "new_arr=[56,156,83,20]\n",
    "result=np.repeat(new_arr,3)\n",
    "print(result)"
   ]
  },
  {
   "cell_type": "code",
   "execution_count": 4,
   "metadata": {},
   "outputs": [
    {
     "name": "stdout",
     "output_type": "stream",
     "text": [
      "Along first axis : \n",
      " [[10  1]\n",
      " [12 15]]\n",
      "\n",
      "Along first axis : \n",
      " [[10 15]\n",
      " [ 1 12]]\n",
      "\n",
      "Along none axis : \n",
      " [ 1 10 12 15]\n"
     ]
    }
   ],
   "source": [
    "#4-Write a NumPy program to sort an along the first, last axis of an array. \n",
    "# importing libraries\n",
    "import numpy as np\n",
    "\n",
    "# sort along the first axis\n",
    "a = np.array([[12, 15], [10, 1]])\n",
    "arr1 = np.sort(a, axis = 0)\t\t\n",
    "print (\"Along first axis : \\n\", arr1)\t\t\n",
    "\n",
    "\n",
    "# sort along the last axis\n",
    "a = np.array([[10, 15], [12, 1]])\n",
    "arr2 = np.sort(a, axis = -1)\t\t\n",
    "print (\"\\nAlong first axis : \\n\", arr2)\n",
    "\n",
    "\n",
    "a = np.array([[12, 15], [10, 1]])\n",
    "arr1 = np.sort(a, axis = None)\t\t\n",
    "print (\"\\nAlong none axis : \\n\", arr1)\n"
   ]
  },
  {
   "cell_type": "code",
   "execution_count": 10,
   "metadata": {},
   "outputs": [
    {
     "name": "stdout",
     "output_type": "stream",
     "text": [
      "[2.5        2.63793103 2.77586207 2.9137931  3.05172414 3.18965517\n",
      " 3.32758621 3.46551724 3.60344828 3.74137931 3.87931034 4.01724138\n",
      " 4.15517241 4.29310345 4.43103448 4.56896552 4.70689655 4.84482759\n",
      " 4.98275862 5.12068966 5.25862069 5.39655172 5.53448276 5.67241379\n",
      " 5.81034483 5.94827586 6.0862069  6.22413793 6.36206897 6.5       ]\n"
     ]
    }
   ],
   "source": [
    "#5-Write a NumPy program to Create a 1-D array of 30 evenly spaced elements between 2.5. and 6.5, inclusive. \n",
    "import numpy as np\n",
    "array=np.linspace(2.5, 6.5,30)\n",
    "print(array)"
   ]
  },
  {
   "cell_type": "code",
   "execution_count": 11,
   "metadata": {},
   "outputs": [
    {
     "name": "stdout",
     "output_type": "stream",
     "text": [
      "3-D array:\n",
      "[[1. 0. 0.]\n",
      " [0. 1. 0.]\n",
      " [0. 0. 1.]]\n",
      "One dimension array:\n",
      "[1. 0. 0. 0. 1. 0. 0. 0. 1.]\n"
     ]
    }
   ],
   "source": [
    "#6-Write a NumPy program to collapse a 3-D array into one dimension array. \n",
    "import numpy as np\n",
    "x = np.eye(3)\n",
    "print(\"3-D array:\")\n",
    "print(x)\n",
    "f = np.ravel(x, order='F')\n",
    "print(\"One dimension array:\")\n",
    "print(f)"
   ]
  },
  {
   "cell_type": "code",
   "execution_count": 19,
   "metadata": {},
   "outputs": [
    {
     "name": "stdout",
     "output_type": "stream",
     "text": [
      "Array...\n",
      " [[[[1. 1. 1. 1. 1.]\n",
      "   [1. 1. 1. 1. 1.]\n",
      "   [1. 1. 1. 1. 1.]\n",
      "   [1. 1. 1. 1. 1.]]\n",
      "\n",
      "  [[1. 1. 1. 1. 1.]\n",
      "   [1. 1. 1. 1. 1.]\n",
      "   [1. 1. 1. 1. 1.]\n",
      "   [1. 1. 1. 1. 1.]]\n",
      "\n",
      "  [[1. 1. 1. 1. 1.]\n",
      "   [1. 1. 1. 1. 1.]\n",
      "   [1. 1. 1. 1. 1.]\n",
      "   [1. 1. 1. 1. 1.]]]\n",
      "\n",
      "\n",
      " [[[1. 1. 1. 1. 1.]\n",
      "   [1. 1. 1. 1. 1.]\n",
      "   [1. 1. 1. 1. 1.]\n",
      "   [1. 1. 1. 1. 1.]]\n",
      "\n",
      "  [[1. 1. 1. 1. 1.]\n",
      "   [1. 1. 1. 1. 1.]\n",
      "   [1. 1. 1. 1. 1.]\n",
      "   [1. 1. 1. 1. 1.]]\n",
      "\n",
      "  [[1. 1. 1. 1. 1.]\n",
      "   [1. 1. 1. 1. 1.]\n",
      "   [1. 1. 1. 1. 1.]\n",
      "   [1. 1. 1. 1. 1.]]]]\n",
      "\n",
      "Array datatype...\n",
      " float64\n",
      "\n",
      "Array Dimensions...\n",
      " 4\n",
      "\n",
      "Our Array Shape...\n",
      " (2, 3, 4, 5)\n",
      "\n",
      "Result\n",
      " (2, 5, 3, 4)\n",
      "\n",
      "Result\n",
      " (4, 2, 3, 5)\n",
      "\n",
      "Result\n",
      " (3, 2, 4, 5)\n",
      "\n",
      "Result\n",
      " [[[[1. 1. 1.]\n",
      "   [1. 1. 1.]\n",
      "   [1. 1. 1.]\n",
      "   [1. 1. 1.]\n",
      "   [1. 1. 1.]]\n",
      "\n",
      "  [[1. 1. 1.]\n",
      "   [1. 1. 1.]\n",
      "   [1. 1. 1.]\n",
      "   [1. 1. 1.]\n",
      "   [1. 1. 1.]]\n",
      "\n",
      "  [[1. 1. 1.]\n",
      "   [1. 1. 1.]\n",
      "   [1. 1. 1.]\n",
      "   [1. 1. 1.]\n",
      "   [1. 1. 1.]]\n",
      "\n",
      "  [[1. 1. 1.]\n",
      "   [1. 1. 1.]\n",
      "   [1. 1. 1.]\n",
      "   [1. 1. 1.]\n",
      "   [1. 1. 1.]]]\n",
      "\n",
      "\n",
      " [[[1. 1. 1.]\n",
      "   [1. 1. 1.]\n",
      "   [1. 1. 1.]\n",
      "   [1. 1. 1.]\n",
      "   [1. 1. 1.]]\n",
      "\n",
      "  [[1. 1. 1.]\n",
      "   [1. 1. 1.]\n",
      "   [1. 1. 1.]\n",
      "   [1. 1. 1.]\n",
      "   [1. 1. 1.]]\n",
      "\n",
      "  [[1. 1. 1.]\n",
      "   [1. 1. 1.]\n",
      "   [1. 1. 1.]\n",
      "   [1. 1. 1.]\n",
      "   [1. 1. 1.]]\n",
      "\n",
      "  [[1. 1. 1.]\n",
      "   [1. 1. 1.]\n",
      "   [1. 1. 1.]\n",
      "   [1. 1. 1.]\n",
      "   [1. 1. 1.]]]]\n"
     ]
    }
   ],
   "source": [
    "#7- Write a NumPy program to move the specified axis backwards, until it lies in a given position\n",
    "import numpy as np\n",
    "arr = np.ones((2, 3, 4, 5))\n",
    "print(\"Array...\\n\",arr)\n",
    "print(\"\\nArray datatype...\\n\",arr.dtype)\n",
    "print(\"\\nArray Dimensions...\\n\",arr.ndim)\n",
    "print(\"\\nOur Array Shape...\\n\",arr.shape)\n",
    "# To roll the specified axis backwards, until it lies in a given position, use the numpy.moveaxis() method in Python Numpy\n",
    "# Here, the 1st parameter is the Input array\n",
    "# The 2nd parameter is the axis to be rolled. The positions of the other axes do not change relative to one another.\n",
    "# The 3rd parameter is the start i.e. when start <= axis, the axis is rolled back until it lies in this position.\n",
    "# When start > axis, the axis is rolled until it lies before this position.\n",
    "print(\"\\nResult\\n\",np.rollaxis(arr, 3, 1).shape)\n",
    "\n",
    "print(\"\\nResult\\n\",np.rollaxis(arr, 2).shape)\n",
    "\n",
    "print(\"\\nResult\\n\",np.rollaxis(arr, 1).shape)\n",
    "\n",
    "print(\"\\nResult\\n\",np.rollaxis(arr, 1, 4))"
   ]
  },
  {
   "cell_type": "code",
   "execution_count": 20,
   "metadata": {},
   "outputs": [
    {
     "ename": "ValueError",
     "evalue": "assignment destination is read-only",
     "output_type": "error",
     "traceback": [
      "\u001b[1;31m---------------------------------------------------------------------------\u001b[0m",
      "\u001b[1;31mValueError\u001b[0m                                Traceback (most recent call last)",
      "\u001b[1;32m<ipython-input-20-04a49a1ca31d>\u001b[0m in \u001b[0;36m<module>\u001b[1;34m\u001b[0m\n\u001b[0;32m      3\u001b[0m \u001b[0ma\u001b[0m \u001b[1;33m=\u001b[0m \u001b[0mnp\u001b[0m\u001b[1;33m.\u001b[0m\u001b[0marange\u001b[0m\u001b[1;33m(\u001b[0m\u001b[1;36m10\u001b[0m\u001b[1;33m)\u001b[0m\u001b[1;33m\u001b[0m\u001b[1;33m\u001b[0m\u001b[0m\n\u001b[0;32m      4\u001b[0m \u001b[0ma\u001b[0m\u001b[1;33m.\u001b[0m\u001b[0mflags\u001b[0m\u001b[1;33m.\u001b[0m\u001b[0mwriteable\u001b[0m \u001b[1;33m=\u001b[0m \u001b[1;32mFalse\u001b[0m\u001b[1;33m\u001b[0m\u001b[1;33m\u001b[0m\u001b[0m\n\u001b[1;32m----> 5\u001b[1;33m \u001b[0ma\u001b[0m\u001b[1;33m[\u001b[0m\u001b[1;36m0\u001b[0m\u001b[1;33m]\u001b[0m \u001b[1;33m=\u001b[0m \u001b[1;36m1\u001b[0m\u001b[1;33m\u001b[0m\u001b[1;33m\u001b[0m\u001b[0m\n\u001b[0m",
      "\u001b[1;31mValueError\u001b[0m: assignment destination is read-only"
     ]
    }
   ],
   "source": [
    "#8-Write a NumPy program to make an array immutable (read-only). \n",
    "import numpy as np\n",
    "a = np.arange(10)\n",
    "a.flags.writeable = False\n",
    "a[0] = 1"
   ]
  },
  {
   "cell_type": "code",
   "execution_count": 23,
   "metadata": {},
   "outputs": [
    {
     "name": "stdout",
     "output_type": "stream",
     "text": [
      "[[0.36787944 0.44822088 0.51979489 0.57375342 0.60279818 0.60279818\n",
      "  0.57375342 0.51979489 0.44822088 0.36787944]\n",
      " [0.44822088 0.54610814 0.63331324 0.69905581 0.73444367 0.73444367\n",
      "  0.69905581 0.63331324 0.54610814 0.44822088]\n",
      " [0.51979489 0.63331324 0.73444367 0.81068432 0.85172308 0.85172308\n",
      "  0.81068432 0.73444367 0.63331324 0.51979489]\n",
      " [0.57375342 0.69905581 0.81068432 0.89483932 0.9401382  0.9401382\n",
      "  0.89483932 0.81068432 0.69905581 0.57375342]\n",
      " [0.60279818 0.73444367 0.85172308 0.9401382  0.98773022 0.98773022\n",
      "  0.9401382  0.85172308 0.73444367 0.60279818]\n",
      " [0.60279818 0.73444367 0.85172308 0.9401382  0.98773022 0.98773022\n",
      "  0.9401382  0.85172308 0.73444367 0.60279818]\n",
      " [0.57375342 0.69905581 0.81068432 0.89483932 0.9401382  0.9401382\n",
      "  0.89483932 0.81068432 0.69905581 0.57375342]\n",
      " [0.51979489 0.63331324 0.73444367 0.81068432 0.85172308 0.85172308\n",
      "  0.81068432 0.73444367 0.63331324 0.51979489]\n",
      " [0.44822088 0.54610814 0.63331324 0.69905581 0.73444367 0.73444367\n",
      "  0.69905581 0.63331324 0.54610814 0.44822088]\n",
      " [0.36787944 0.44822088 0.51979489 0.57375342 0.60279818 0.60279818\n",
      "  0.57375342 0.51979489 0.44822088 0.36787944]]\n"
     ]
    }
   ],
   "source": [
    "#9- Write a NumPy program to generate a generic 2D Gaussian-like array.\n",
    "import numpy as np\n",
    "x, y = np.meshgrid(np.linspace(-1,1,10), np.linspace(-1,1,10))\n",
    "d = np.sqrt(x*x+y*y)\n",
    "sigma, mu = 1.0, 0.0\n",
    "g = np.exp(-( (d-mu)**2 / ( 2.0 * sigma**2 ) ) )\n",
    "print (g)"
   ]
  },
  {
   "cell_type": "code",
   "execution_count": 24,
   "metadata": {},
   "outputs": [
    {
     "name": "stdout",
     "output_type": "stream",
     "text": [
      "Original arrays:\n",
      "[[0, 1], [2, 3]]\n",
      "[[4, 5], [0, 3]]\n",
      "Average values of two said numpy arrays:\n",
      "[[2. 3.]\n",
      " [1. 3.]]\n"
     ]
    }
   ],
   "source": [
    "#10-Write a NumPy program to calculate average values of two given NumPy arrays.\n",
    "import numpy as np\n",
    "array1 = [[0, 1], [2, 3]]\n",
    "array2 = [[4, 5], [0, 3]]\n",
    "print(\"Original arrays:\")\n",
    "print(array1)\n",
    "print(array2)\n",
    "print(\"Average values of two said numpy arrays:\")\n",
    "result = (np.array(array1) + np.array(array2)) / 2\n",
    "print(result)"
   ]
  }
 ],
 "metadata": {
  "kernelspec": {
   "display_name": "Python 3",
   "language": "python",
   "name": "python3"
  },
  "language_info": {
   "codemirror_mode": {
    "name": "ipython",
    "version": 3
   },
   "file_extension": ".py",
   "mimetype": "text/x-python",
   "name": "python",
   "nbconvert_exporter": "python",
   "pygments_lexer": "ipython3",
   "version": "3.8.5"
  }
 },
 "nbformat": 4,
 "nbformat_minor": 4
}
